2 0.43400881057268725 0.1936328125 0.14036710719530104 0.087451171875
2 0.23800293685756244 0.27818359375 0.13864904552129223 0.073916015625
2 0.532496328928047 0.259189453125 0.13374449339207048 0.05111328125
2 0.5569750367107196 0.225009765625 0.13048458149779735 0.069560546875
2 0.853920704845815 0.264619140625 0.13372980910425844 0.08150390625
2 0.5741116005873715 0.3107421875 0.12883994126284876 0.067412109375
2 0.6312041116005874 0.354150390625 0.12232011747430249 0.06958984375
2 0.7405286343612335 0.3753125 0.12883994126284876 0.081533203125
2 0.8384140969162996 0.349814453125 0.10925110132158591 0.067421875
2 0.3669016152716593 0.27330078125 0.12233480176211455 0.072822265625
2 0.4590748898678414 0.30857421875 0.12069016152716593 0.069580078125
2 0.17845814977973568 0.24833984375 0.11744493392070485 0.0489453125
2 0.13848751835535977 0.28740234375 0.06361233480176212 0.031591796875
2 0.3571071953010279 0.478955078125 0.1353891336270191 0.08482421875
2 0.5316886930983847 0.497939453125 0.1288546255506608 0.064208984375
2 0.49986784140969165 0.465927734375 0.13374449339207048 0.0566015625
2 0.5104698972099853 0.3997265625 0.13537444933920703 0.069609375
2 0.3921879588839941 0.38453125 0.10111600587371512 0.052236328125
2 0.27634361233480176 0.385625 0.13049926578560941 0.067431640625
2 0.2853157121879589 0.44693359375 0.12559471365638766 0.077216796875
2 0.4403230543318649 0.553837890625 0.12559471365638766 0.08701171875
2 0.5577826725403818 0.59236328125 0.12558002936857562 0.0816015625
2 0.3571071953010279 0.587470703125 0.12559471365638766 0.05880859375
2 0.07649045521292218 0.51693359375 0.132143906020558 0.089169921875
2 0.03458149779735683 0.392138671875 0.06914831130690162 0.082626953125
2 0.1042143906020558 0.365546875 0.1354038179148311 0.05765625
2 0.17845814977973568 0.416552734375 0.12070484581497798 0.088056640625
2 0.08301027900146843 0.456162109375 0.11908957415565344 0.063115234375
2 0.6540528634361233 0.277099609375 0.12240822320117474 0.039189453125
2 0.7552129221732745 0.316708984375 0.10926578560939794 0.038115234375
2 0.9490014684287812 0.306396484375 0.10199706314243759 0.05873046875
2 0.9159177679882525 0.435 0.1141409691629956 0.0858984375
2 0.6336563876651982 0.572822265625 0.05215859030837005 0.06857421875
2 0.6222320117474303 0.471357421875 0.09784140969162995 0.05009765625
2 0.24697503671071952 0.528330078125 0.12070484581497798 0.08591796875
2 0.18743024963289281 0.573369140625 0.11907488986784141 0.067490234375
2 0.7021879588839941 0.55111328125 0.07183553597650515 0.063828125
2 0.7405286343612335 0.4599609375 0.11252569750367107 0.0815625