1 0.40087890625 0.5891927083333334 0.1474609375 0.27734375
1 0.5205078125 0.8118489583333334 0.21875 0.2981770833333333
1 0.64208984375 0.4934895833333333 0.1826171875 0.23958333333333334
1 0.60009765625 0.06901041666666667 0.0771484375 0.10416666666666667
1 0.6494140625 0.1171875 0.083984375 0.11197916666666667
1 0.79150390625 0.6471354166666666 0.2099609375 0.2786458333333333
1 0.7333984375 0.13997395833333334 0.083984375 0.048177083333333336
1 0.74072265625 0.09244791666666667 0.0771484375 0.08854166666666667
1 0.7587890625 0.031901041666666664 0.060546875 0.06380208333333333
1 0.82958984375 0.083984375 0.0771484375 0.10807291666666667
1 0.8447265625 0.028645833333333332 0.0703125 0.057291666666666664
1 0.91357421875 0.146484375 0.0869140625 0.11588541666666667
1 0.91845703125 0.057291666666666664 0.0830078125 0.08333333333333333
1 0.9794921875 0.052083333333333336 0.0390625 0.09375
1 0.98388671875 0.12825520833333334 0.0302734375 0.10286458333333333