2 0.78564453125 0.7473958333333334 0.40234375 0.50390625
2 0.11658203125 0.14768229166666666 0.2331640625 0.29537760416666664
2 0.377890625 0.3634765625 0.352919921875 0.46908854166666664
2 0.70083984375 0.19760416666666666 0.373828125 0.39520833333333333
2 0.1679296875 0.6992838541666666 0.332001953125 0.44872395833333334
2 0.376494140625 0.9413541666666667 0.277587890625 0.11729166666666667
2 0.8598828125 0.25557291666666665 0.206416015625 0.3425520833333333
2 0.33185546875 0.08782552083333334 0.199521484375 0.1756640625
2 0.14421875 0.32904947916666666 0.206455078125 0.29234375
2 0.50693359375 0.7290364583333333 0.147841796875 0.2812890625
2 0.649921875 0.5290494791666667 0.297099609375 0.3575130208333333
2 0.59552734375 0.8948307291666667 0.16326171875 0.21032552083333333
2 0.324873046875 0.8034505208333332 0.218994140625 0.33341145833333335
2 0.466474609375 0.10736979166666666 0.142265625 0.2147265625
2 0.92056640625 0.032942708333333334 0.135380859375 0.06588541666666667
2 0.878017578125 0.48994791666666665 0.156298828125 0.1150390625
2 0.938994140625 0.6555598958333334 0.12201171875 0.4505729166666667