1 0.119560546875 0.3478846153846154 0.205908203125 0.4824300699300699
1 0.853701171875 0.6361713286713286 0.29259765625 0.6663286713286714
1 0.647421875 0.5863461538461539 0.196435546875 0.6016433566433567
1 0.47845703125 0.5129020979020978 0.198359375 0.5456818181818182
1 0.293388671875 0.4656993006993007 0.187587890625 0.5211888111888112
1 0.39740234375 0.09211538461538461 0.194443359375 0.18424825174825174
1 0.14396484375 0.11249999999999999 0.273505859375 0.1959265734265734
1 0.60396484375 0.18244755244755245 0.17396484375 0.2169230769230769
1 0.80564453125 0.4001223776223776 0.20037109375 0.4809615384615385
1 0.900859375 0.275979020979021 0.1955078125 0.09629370629370629
1 0.949404296875 0.13697552447552447 0.10119140625 0.22041958041958043
1 0.748505859375 0.10725524475524476 0.166181640625 0.11550699300699299