2 0.172802734375 0.28775330396475773 0.13689453125 0.18901615271659325
2 0.357666015625 0.22318649045521294 0.170166015625 0.25622613803230543
2 0.510419921875 0.1728193832599119 0.16318359375 0.24362701908957415
2 0.780361328125 0.3039500734214391 0.167353515625 0.25415565345080765
2 0.62412109375 0.36794419970631426 0.17294921875 0.25627019089574155
2 0.64783203125 0.19274596182085169 0.13109375 0.17440528634361233
2 0.68689453125 0.5955800293685756 0.18130859375 0.2500440528634361
2 0.444853515625 0.6753157121879588 0.1855078125 0.2962261380323054
2 0.420439453125 0.4403230543318649 0.161796875 0.20804698972099855
2 0.793623046875 0.5273861967694566 0.146533203125 0.18499265785609398
2 0.7719921875 0.8274155653450808 0.21478515625 0.21444933920704845
2 0.678525390625 0.8127312775330396 0.1450390625 0.2522026431718062
2 0.52087890625 0.8788105726872247 0.19248046875 0.15361233480176212
2 0.383466796875 0.8735682819383259 0.082275390625 0.155712187958884
2 0.48322265625 0.33854625550660794 0.092109375 0.08781204111600587