0 0.20111328125 0.7962760416666667 0.400283203125 0.4074479166666667
0 0.783388671875 0.7931770833333333 0.43322265625 0.4136458333333333
0 0.863466796875 0.40673177083333334 0.27306640625 0.2813932291666667
0 0.57759765625 0.4054296875 0.277490234375 0.3412890625
0 0.255302734375 0.4230078125 0.275478515625 0.3451953125
0 0.20744140625 0.15149739583333333 0.181708984375 0.1980078125
0 0.476015625 0.15084635416666667 0.2032421875 0.1706640625
0 0.69966796875 0.17298177083333333 0.18375 0.1784765625
0 0.8901171875 0.18339843749999998 0.1662109375 0.1628515625
0 0.2059765625 0.022369791666666666 0.155341796875 0.04473958333333333
0 0.42669921875 0.030182291666666666 0.147568359375 0.06036458333333333
0 0.602978515625 0.04080729166666667 0.11927734375 0.08079427083333333
0 0.765595703125 0.05513020833333334 0.137861328125 0.09381510416666666
0 0.913544921875 0.07270833333333333 0.154130859375 0.11334635416666666