1 0.019443359375 0.9124313725490196 0.038896484375 0.09933333333333333
1 0.06884765625 0.038562091503267976 0.0966796875 0.07712418300653595
1 0.1064453125 0.40261437908496733 0.1005859375 0.09934640522875816
1 0.1845703125 0.042483660130718956 0.1123046875 0.08496732026143791
1 0.2109375 0.3980392156862745 0.1005859375 0.09281045751633987
1 0.29833984375 0.047058823529411764 0.10546875 0.0915032679738562
1 0.3173828125 0.3993464052287582 0.0927734375 0.09934640522875816
1 0.36181640625 0.31699346405228757 0.0859375 0.08888888888888889
1 0.3720703125 0.40522875816993464 0.0556640625 0.08496732026143791
1 0.40625 0.052941176470588235 0.099609375 0.08627450980392157
1 0.423330078125 0.4071895424836601 0.046845703125 0.0784313725490196
1 0.56298828125 0.592156862745098 0.087890625 0.06143790849673202
1 0.5732421875 0.6725490196078432 0.0966796875 0.09411764705882353
1 0.63525390625 0.396078431372549 0.0517578125 0.09673202614379085
1 0.6572265625 0.6666666666666666 0.095703125 0.08627450980392157
1 0.689453125 0.3934640522875817 0.048828125 0.09542483660130718
1 0.8037109375 0.6607843137254902 0.0947265625 0.08758169934640522
1 0.857421875 0.6470588235294118 0.0908203125 0.08235294117647059
1 0.475517578125 0.40569934640522876 0.05947265625 0.07854901960784315
1 0.54828125 0.40569934640522876 0.0548046875 0.0733202614379085
1 0.5863671875 0.40569934640522876 0.0350390625 0.07593464052287582
1 0.5199609375 0.06515032679738562 0.0880078125 0.09026143790849672
1 0.097548828125 0.905751633986928 0.11228515625 0.11393464052287582
1 0.2137890625 0.8926797385620915 0.10455078125 0.10609150326797386
1 0.324638671875 0.87959477124183 0.101640625 0.11132026143790849
1 0.448173828125 0.8658692810457517 0.094638671875 0.10177777777777777
1 0.52240234375 0.8462614379084967 0.09267578125 0.10215686274509804
1 0.62640625 0.8397254901960785 0.0975390625 0.10738562091503269
1 0.724072265625 0.8253464052287581 0.09361328125 0.09169934640522877
1 0.8222265625 0.8175032679738562 0.0945703125 0.09169934640522877
1 0.913544921875 0.8005098039215686 0.08771484375 0.08645751633986928
1 0.07265625 0.8462614379084967 0.0996484375 0.04986928104575163