1 0.13720703125 0.59375 0.1181640625 0.12760416666666666
1 0.27880859375 0.6302083333333334 0.1572265625 0.15885416666666666
1 0.275390625 0.52734375 0.08984375 0.053385416666666664
1 0.42578125 0.5475260416666666 0.13671875 0.09635416666666667
1 0.56298828125 0.7975260416666666 0.2919921875 0.31640625
1 0.548828125 0.5852864583333334 0.1796875 0.09895833333333333
1 0.583984375 0.5403645833333334 0.1259765625 0.06901041666666667
1 0.685546875 0.6751302083333334 0.208984375 0.20052083333333334
1 0.82861328125 0.546875 0.12109375 0.10807291666666667
1 0.90380859375 0.8678385416666666 0.19140625 0.2630208333333333
1 0.91357421875 0.5768229166666666 0.171875 0.12760416666666666
1 0.92236328125 0.498046875 0.1298828125 0.049479166666666664
1 0.9541015625 0.64453125 0.0908203125 0.17708333333333334