1 0.23234375 0.5519270833333333 0.2256640625 0.2071875
1 0.23380859375 0.7485546875 0.214921875 0.17856770833333332
1 0.45599609375 0.7322786458333334 0.083115234375 0.15643229166666667
1 0.222578125 0.30125 0.182685546875 0.14072916666666666
1 0.4262109375 0.3058072916666667 0.144638671875 0.13161458333333334
1 0.2411328125 0.14694010416666667 0.1651171875 0.09252604166666667
1 0.4271875 0.14628906249999998 0.140732421875 0.078203125
1 0.43744140625 0.45295572916666665 0.120224609375 0.09778645833333333
1 0.021669921875 0.5434375 0.04333984375 0.19259114583333334
1 0.23234375 0.04536458333333334 0.147529296875 0.07949218749999999
1 0.405703125 0.051875000000000004 0.14072265625 0.08730468749999999
1 0.45892578125 0.5356380208333333 0.077255859375 0.17463541666666668
1 0.23234375 0.44514322916666665 0.1807421875 0.06653645833333334
1 0.067275390625 0.05317708333333334 0.129873046875 0.08470052083333333