2 0.434009 0.193633 0.140367 0.087451
2 0.238003 0.278184 0.138649 0.073916
2 0.532496 0.259189 0.133744 0.051113
2 0.556975 0.225010 0.130485 0.069561
2 0.853921 0.264619 0.133730 0.081504
2 0.574112 0.310742 0.128840 0.067412
2 0.631204 0.354150 0.122320 0.069590
2 0.740529 0.375312 0.128840 0.081533
2 0.838414 0.349814 0.109251 0.067422
2 0.366902 0.273301 0.122335 0.072822
2 0.459075 0.308574 0.120690 0.069580
2 0.178458 0.248340 0.117445 0.048945
2 0.138488 0.287402 0.063612 0.031592
2 0.357107 0.478955 0.135389 0.084824
2 0.531689 0.497939 0.128855 0.064209
2 0.499868 0.465928 0.133744 0.056602
2 0.510470 0.399727 0.135374 0.069609
2 0.392188 0.384531 0.101116 0.052236
2 0.276344 0.385625 0.130499 0.067432
2 0.285316 0.446934 0.125595 0.077217
2 0.440323 0.553838 0.125595 0.087012
2 0.557783 0.592363 0.125580 0.081602
2 0.357107 0.587471 0.125595 0.058809
2 0.076490 0.516934 0.132144 0.089170
2 0.034581 0.392139 0.069148 0.082627
2 0.104214 0.365547 0.135404 0.057656
2 0.178458 0.416553 0.120705 0.088057
2 0.083010 0.456162 0.119090 0.063115
2 0.654053 0.277100 0.122408 0.039189
2 0.755213 0.316709 0.109266 0.038115
2 0.949001 0.306396 0.101997 0.058730
2 0.915918 0.435000 0.114141 0.085898
2 0.633656 0.572822 0.052159 0.068574
2 0.622232 0.471357 0.097841 0.050098
2 0.246975 0.528330 0.120705 0.085918
2 0.187430 0.573369 0.119075 0.067490
2 0.702188 0.551113 0.071836 0.063828
2 0.740529 0.459961 0.112526 0.081562