1 0.400879 0.589193 0.147461 0.277344
1 0.520508 0.811849 0.218750 0.298177
1 0.642090 0.493490 0.182617 0.239583
1 0.600098 0.069010 0.077148 0.104167
1 0.649414 0.117188 0.083984 0.111979
1 0.791504 0.647135 0.209961 0.278646
1 0.733398 0.139974 0.083984 0.048177
1 0.740723 0.092448 0.077148 0.088542
1 0.758789 0.031901 0.060547 0.063802
1 0.829590 0.083984 0.077148 0.108073
1 0.844727 0.028646 0.070312 0.057292
1 0.913574 0.146484 0.086914 0.115885
1 0.918457 0.057292 0.083008 0.083333
1 0.979492 0.052083 0.039062 0.093750
1 0.983887 0.128255 0.030273 0.102865