2 0.785645 0.747396 0.402344 0.503906
2 0.116582 0.147682 0.233164 0.295378
2 0.377891 0.363477 0.352920 0.469089
2 0.700840 0.197604 0.373828 0.395208
2 0.167930 0.699284 0.332002 0.448724
2 0.376494 0.941354 0.277588 0.117292
2 0.859883 0.255573 0.206416 0.342552
2 0.331855 0.087826 0.199521 0.175664
2 0.144219 0.329049 0.206455 0.292344
2 0.506934 0.729036 0.147842 0.281289
2 0.649922 0.529049 0.297100 0.357513
2 0.595527 0.894831 0.163262 0.210326
2 0.324873 0.803451 0.218994 0.333411
2 0.466475 0.107370 0.142266 0.214727
2 0.920566 0.032943 0.135381 0.065885
2 0.878018 0.489948 0.156299 0.115039
2 0.938994 0.655560 0.122012 0.450573