2 0.172803 0.287753 0.136895 0.189016
2 0.357666 0.223186 0.170166 0.256226
2 0.510420 0.172819 0.163184 0.243627
2 0.780361 0.303950 0.167354 0.254156
2 0.624121 0.367944 0.172949 0.256270
2 0.647832 0.192746 0.131094 0.174405
2 0.686895 0.595580 0.181309 0.250044
2 0.444854 0.675316 0.185508 0.296226
2 0.420439 0.440323 0.161797 0.208047
2 0.793623 0.527386 0.146533 0.184993
2 0.771992 0.827416 0.214785 0.214449
2 0.678525 0.812731 0.145039 0.252203
2 0.520879 0.878811 0.192480 0.153612
2 0.383467 0.873568 0.082275 0.155712
2 0.483223 0.338546 0.092109 0.087812