0 0.201113 0.796276 0.400283 0.407448
0 0.783389 0.793177 0.433223 0.413646
0 0.863467 0.406732 0.273066 0.281393
0 0.577598 0.405430 0.277490 0.341289
0 0.255303 0.423008 0.275479 0.345195
0 0.207441 0.151497 0.181709 0.198008
0 0.476016 0.150846 0.203242 0.170664
0 0.699668 0.172982 0.183750 0.178477
0 0.890117 0.183398 0.166211 0.162852
0 0.205977 0.022370 0.155342 0.044740
0 0.426699 0.030182 0.147568 0.060365
0 0.602979 0.040807 0.119277 0.080794
0 0.765596 0.055130 0.137861 0.093815
0 0.913545 0.072708 0.154131 0.113346