1 0.910830078125 0.8679084967320261 0.17833984375 0.26418300653594773
1 0.752412109375 0.853202614379085 0.166181640625 0.2935947712418301
1 0.606884765625 0.8442156862745097 0.15248046875 0.3115686274509804
1 0.4965234375 0.816813725490196 0.1309765625 0.2894607843137255
1 0.400322265625 0.7694281045751634 0.12021484375 0.2600326797385621
1 0.319267578125 0.7424673202614379 0.1006640625 0.24205882352941174
1 0.949404296875 0.7596241830065359 0.10119140625 0.29924836601307186
1 0.818330078125 0.6934313725490197 0.13591796875 0.17341503267973857
1 0.68501953125 0.7449183006535948 0.121240234375 0.2959803921568627
1 0.022646484375 0.6321568627450981 0.04529296875 0.1554248366013072
1 0.057998046875 0.6517647058823529 0.07029296875 0.1684967320261438
1 0.1048828125 0.6648366013071896 0.072236328125 0.18158496732026144
1 0.14345703125 0.6836274509803921 0.081025390625 0.1962908496732026
1 0.19326171875 0.7024183006535948 0.084921875 0.20772875816993464
1 0.249423828125 0.7163071895424836 0.089794921875 0.22897058823529412
1 0.8783984375 0.2636601307189543 0.123232421875 0.18315359477124182
1 0.976748046875 0.25140522875816995 0.04650390625 0.19784313725490196
1 0.763642578125 0.2718300653594771 0.110517578125 0.17008169934640524
1 0.67427734375 0.2775490196078432 0.097802734375 0.1586437908496732
1 0.581982421875 0.2824509803921569 0.090947265625 0.1357516339869281
1 0.5023828125 0.2906209150326798 0.0762890625 0.13576797385620915
1 0.418876953125 0.30614379084967325 0.07529296875 0.13086601307189544
1 0.356865234375 0.3085947712418301 0.068447265625 0.11616013071895426
1 0.2977734375 0.3183986928104575 0.0635546875 0.09982026143790851
1 0.24796875 0.333921568627451 0.057685546875 0.09165032679738562
1 0.212802734375 0.3273856209150327 0.04986328125 0.09491830065359477
1 0.174716796875 0.3273856209150327 0.045947265625 0.07857843137254902
1 0.564892578125 0.6452287581699346 0.115361328125 0.129281045751634
1 0.468203125 0.6280718954248365 0.099716796875 0.12111111111111111
1 0.390556640625 0.5986437908496732 0.09091796875 0.1015032679738562
1 0.327568359375 0.5863888888888888 0.086015625 0.09658496732026144
1 0.26212890625 0.5692320261437909 0.082099609375 0.07534313725490197
1 0.206455078125 0.5684150326797386 0.07623046875 0.08351307189542484
1 0.751435546875 0.5798529411764706 0.121259765625 0.13908496732026143
1 0.889140625 0.5626960784313726 0.131044921875 0.10148692810457516
1 0.63619140625 0.5864052287581699 0.10560546875 0.1619607843137255
1 0.540966796875 0.5520751633986928 0.094853515625 0.11946078431372549
1 0.45697265625 0.5316503267973857 0.085068359375 0.08841503267973856
1 0.393974609375 0.5169444444444444 0.08017578125 0.0786111111111111
1 0.3270703125 0.5153104575163399 0.0752734375 0.09495098039215687
1 0.26896484375 0.5136764705882353 0.068427734375 0.06879084967320262
1 0.226962890625 0.5046895424836602 0.06646484375 0.07369281045751634
1 0.138095703125 0.33147058823529413 0.0371484375 0.0606045751633987
1 0.1048828125 0.3363725490196079 0.0371484375 0.06387254901960784
1 0.074609375 0.33800653594771246 0.031279296875 0.0606045751633987