1 0.06396484375 0.4818365287588295 0.1279296875 0.12108980827447023
1 0.0654296875 0.6321897073662966 0.130859375 0.13420787083753785
1 0.0703125 0.20080726538849647 0.140625 0.12512613521695257
1 0.07373046875 0.7805247225025227 0.1474609375 0.1311806256306761
1 0.076171875 0.0615539858728557 0.15234375 0.1231079717457114
1 0.07666015625 0.3440968718466196 0.1533203125 0.11604439959636731
1 0.07666015625 0.9283551967709385 0.1533203125 0.11503531786074672
1 0.24365234375 0.3410696266397578 0.142578125 0.12008072653884964
1 0.26171875 0.7674066599394551 0.1572265625 0.12008072653884964
1 0.259765625 0.060544904137235116 0.150390625 0.12108980827447023
1 0.26513671875 0.20080726538849647 0.16015625 0.12512613521695257
1 0.265625 0.48789101917255295 0.1611328125 0.11301715438950555
1 0.26416015625 0.917255297679112 0.154296875 0.12815338042381433
1 0.2744140625 0.6200807265388496 0.1513671875 0.11604439959636731
1 0.46142578125 0.3567103935418769 0.1474609375 0.1311806256306761
1 0.46533203125 0.060544904137235116 0.1552734375 0.12108980827447023
1 0.47314453125 0.9142280524722503 0.15625 0.12815338042381433
1 0.47900390625 0.6468213925327951 0.154296875 0.13218970736629668
1 0.48486328125 0.7815338042381433 0.15625 0.10595358224016145
1 0.482421875 0.2124117053481332 0.1474609375 0.1170534813319879
1 0.4833984375 0.5 0.1494140625 0.1301715438950555
1 0.658203125 0.7663975782038345 0.16015625 0.11806256306760847
1 0.66259765625 0.4692230070635722 0.1513671875 0.11402623612512613
1 0.67529296875 0.34006054490413723 0.1513671875 0.11200807265388496
1 0.677734375 0.05953582240161453 0.14453125 0.11907164480322906
1 0.68701171875 0.9147325933400605 0.146484375 0.11301715438950555
1 0.685546875 0.6281533804238143 0.140625 0.11806256306760847
1 0.69921875 0.1917255297679112 0.158203125 0.11301715438950555
1 0.875 0.7588294651866802 0.15625 0.11907164480322906
1 0.87548828125 0.606962663975782 0.1552734375 0.11503531786074672
1 0.8720703125 0.479313824419778 0.1337890625 0.124117053481332
1 0.8876953125 0.3329969727547931 0.13671875 0.12512613521695257
1 0.8779296875 0.058022199798183655 0.1123046875 0.11604439959636731
1 0.90087890625 0.9142280524722503 0.154296875 0.12209889001009082
1 0.8955078125 0.19374369323915236 0.140625 0.12916246215943492