1 0.04052734375 0.6222547584187409 0.0810546875 0.2767203513909224
1 0.060546875 0.46925329428989754 0.12109375 0.05124450951683748
1 0.150390625 0.6390922401171303 0.1708984375 0.3089311859443631
1 0.240234375 0.3257686676427526 0.134765625 0.24743777452415813
1 0.3515625 0.6259150805270863 0.16015625 0.2986822840409956
1 0.38134765625 0.3213762811127379 0.1357421875 0.2445095168374817
1 0.5400390625 0.623718887262079 0.1572265625 0.30453879941434847
1 0.544921875 0.31771595900439237 0.142578125 0.2562225475841874
1 0.724609375 0.637628111273792 0.1650390625 0.3118594436310395
1 0.7109375 0.3140556368960469 0.1357421875 0.2518301610541728
1 0.8818359375 0.5322108345534406 0.14453125 0.21522693997071743
1 0.91552734375 0.6200585651537335 0.16796875 0.3074670571010249