1 0.19287109375 0.7428385416666666 0.166015625 0.2109375
1 0.44482421875 0.755859375 0.1142578125 0.2109375
1 0.59423828125 0.7532552083333334 0.1484375 0.2109375
1 0.6748046875 0.7213541666666666 0.1416015625 0.17838541666666666
1 0.77880859375 0.705078125 0.1259765625 0.16796875
1 0.3036328125 0.6280989583333333 0.0908984375 0.11213541666666667
1 0.25138671875 0.6001041666666667 0.078193359375 0.07697916666666667
1 0.5062890625 0.6554427083333333 0.0762890625 0.1355859375
1 0.81685546875 0.6671484375 0.095546875 0.13787760416666667
1 0.414970703125 0.607265625 0.07529296875 0.10171875000000001
1 0.487724609375 0.5799088541666667 0.07021484375 0.05743489583333333
1 0.45404296875 0.6294010416666667 0.083115234375 0.05744791666666666
1 0.568310546875 0.6001041666666667 0.055791015625 0.07958333333333333
1 0.65279296875 0.6144140625 0.08216796875 0.019388020833333335
1 0.619091796875 0.6118229166666667 0.07142578125 0.04833333333333333
1 0.773896484375 0.5584244791666667 0.037265625 0.05352864583333333
1 0.70748046875 0.5486588541666667 0.033349609375 0.03920572916666667
1 0.666943359375 0.5388932291666667 0.03041015625 0.0326953125
1 0.7421484375 0.5538671875 0.0304296875 0.0522265625
1 0.70455078125 0.5922786458333333 0.070458984375 0.0248828125
1 0.73580078125 0.6241927083333333 0.07828125 0.039218750000000004
1 0.644482421875 0.5747005208333333 0.06166015625 0.015768229166666665