1 0.10421875 0.38658203125 0.2084375 0.16904296875
1 0.338310546875 0.33482421875 0.23056640625 0.217861328125
1 0.1169140625 0.6634765625 0.233828125 0.439619140625
1 0.373935546875 0.66298828125 0.28412109375 0.4230078125
1 0.320244140625 0.431015625 0.23154296875 0.037197265625
1 0.557548828125 0.364609375 0.268466796875 0.168056640625
1 0.64984375 0.64732421875 0.259658203125 0.395419921875
1 0.882099609375 0.653701171875 0.23580078125 0.35171875
1 0.789521484375 0.4476171875 0.20525390625 0.06455078125
1 0.9475390625 0.455439453125 0.104912109375 0.08017578125
1 0.87642578125 0.33482421875 0.1990625 0.176845703125
1 0.535087890625 0.279638671875 0.19423828125 0.097724609375
1 0.715771484375 0.32701171875 0.188349609375 0.172939453125