1 0.069052734375 0.10271484375 0.13810546875 0.205439453125
1 0.08908203125 0.354365234375 0.178154296875 0.27255859375
1 0.08859375 0.665419921875 0.177177734375 0.289208984375
1 0.083212890625 0.91470703125 0.166435546875 0.1705859375
1 0.39251953125 0.08919921875 0.331171875 0.1777734375
1 0.39203125 0.32310546875 0.3165234375 0.288173828125
1 0.37689453125 0.614638671875 0.32921875 0.298974609375
1 0.36859375 0.88736328125 0.332138671875 0.2252734375
1 0.700654296875 0.136416015625 0.279462890625 0.27283203125
1 0.923525390625 0.125185546875 0.15294921875 0.250361328125
1 0.91921875 0.386103515625 0.1615625 0.26767578125
1 0.698701171875 0.626357421875 0.306806640625 0.287255859375
1 0.675751953125 0.8878515625 0.270673828125 0.224296875
1 0.927919921875 0.8937109375 0.14416015625 0.212578125
1 0.917265625 0.637587890625 0.165478515625 0.23158203125