2 0.2548828125 0.8781565656565656 0.134765625 0.18813131313131312
2 0.80224609375 0.7986111111111112 0.1357421875 0.16287878787878787
2 0.294189453125 0.680770202020202 0.1380859375 0.1843560606060606
2 0.335341796875 0.49676767676767675 0.136689453125 0.17709595959595958
2 0.76919921875 0.6131186868686869 0.133876953125 0.16088383838383838
2 0.73501953125 0.4552651515151515 0.126904296875 0.1518308080808081
2 0.695263671875 0.32989898989898986 0.12830078125 0.16803030303030306
2 0.37998046875 0.35424242424242425 0.142265625 0.16622474747474747
2 0.4218359375 0.246010101010101 0.13947265625 0.16619949494949493
2 0.46298828125 0.15941919191919193 0.1269140625 0.1589520202020202
2 0.6596875 0.23247474747474747 0.132490234375 0.15717171717171718
2 0.621328125 0.16031565656565658 0.12830078125 0.15714646464646465
2 0.500654296875 0.1134090909090909 0.129775390625 0.1463131313131313
2 0.585751953125 0.11791666666666667 0.129775390625 0.16616161616161615
2 0.541806640625 0.1043939393939394 0.13109375 0.16795454545454547