1 0.15087890625 0.795355587808418 0.3017578125 0.40783744557329465
1 0.40083984375 0.7539912917271407 0.259677734375 0.49056603773584906
1 0.535625 0.08779390420899855 0.242109375 0.1755732946298984
1 0.62396484375 0.7603628447024673 0.248916015625 0.4138606676342525
1 0.744091796875 0.7814078374455733 0.15318359375 0.3253265602322206
1 0.869111328125 0.7806821480406386 0.129716796875 0.2832365747460087
1 0.65716796875 0.13621190130624092 0.157109375 0.22506531204644412
1 0.7636328125 0.20734397677793906 0.15123046875 0.20185776487663282
1 0.847138671875 0.2777358490566038 0.10921875 0.16847605224963716
1 0.94998046875 0.330711175616836 0.100029296875 0.1467198838896952
1 0.9408984375 0.7850362844702468 0.054501953125 0.21647314949201743